-4.3625 0
-4.3375 0.0001
-4.3125 0.00095
-4.2875 0.0027
-4.2625 0.00575
-4.2375 0.01035
-4.2125 0.01925
-4.1875 0.02335
-4.1625 0.02955
-4.1375 0.03595
-4.1125 0.04255
-4.0875 0.04955
-4.0625 0.05635
-4.0375 0.0586
-4.0125 0.06465
-3.9875 0.06565
-3.9625 0.0631
-3.9375 0.0641
-3.9125 0.0649
-3.8875 0.06545
-3.8625 0.0631
-3.8375 0.06435
-3.8125 0.06685
-3.7875 0.0673
-3.7625 0.06855
-3.7375 0.06595
-3.7125 0.068
-3.6875 0.06575
-3.6625 0.0701
-3.6375 0.07275
-3.6125 0.06985
-3.5875 0.07345
-3.5625 0.07565
-3.5375 0.076
-3.5125 0.07585
-3.4875 0.07705
-3.4625 0.0793
-3.4375 0.0799
-3.4125 0.0802
-3.3875 0.08255
-3.3625 0.08735
-3.3375 0.0904
-3.3125 0.08715
-3.2875 0.0918
-3.2625 0.09615
-3.2375 0.1019
-3.2125 0.1075
-3.1875 0.10705
-3.1625 0.1156
-3.1375 0.11835
-3.1125 0.12105
-3.0875 0.1331
-3.0625 0.1408
-3.0375 0.1523
-3.0125 0.16485
-2.9875 0.1802
-2.9625 0.20085
-2.9375 0.2213
-2.9125 0.24505
-2.8875 0.2754
-2.8625 0.3255
-2.8375 0.37625
-2.8125 0.42105
-2.7875 0.47535
-2.7625 0.55865
-2.7375 0.64
-2.7125 0.7402
-2.6875 0.82115
-2.6625 0.90665
-2.6375 1.0122
-2.6125 1.1052
-2.5875 1.189
-2.5625 1.2725
-2.5375 1.3845
-2.5125 1.4758
-2.4875 1.6102
-2.4625 1.7145
-2.4375 1.8003
-2.4125 1.908
-2.3875 2.0107
-2.3625 2.0402
-2.3375 2.0803
-2.3125 2.0974
-2.2875 2.1256
-2.2625 2.1105
-2.2375 2.1028
-2.2125 2.0473
-2.1875 1.944
-2.1625 1.8724
-2.1375 1.7727
-2.1125 1.6941
-2.0875 1.6076
-2.0625 1.5077
-2.0375 1.4256
-2.0125 1.367
-1.9875 1.2828
-1.9625 1.1882
-1.9375 1.0644
-1.9125 0.9231
-1.8875 0.8153
-1.8625 0.69265
-1.8375 0.58485
-1.8125 0.48495
-1.7875 0.39745
-1.7625 0.3098
-1.7375 0.2424
-1.7125 0.1903
-1.6875 0.151
-1.6625 0.1241
-1.6375 0.10685
-1.6125 0.0937
-1.5875 0.08955
-1.5625 0.0768
-1.5375 0.06575
-1.5125 0.05445
-1.4875 0.03845
-1.4625 0.02605
-1.4375 0.0182
-1.4125 0.0106
-1.3875 0.0082
-1.3625 0.0034
-1.3375 0.0028
-1.3125 0.0016
-1.2875 0.00065
-1.2625 0.0005
-1.2375 0.0001
-1.2125 0
-1.1875 0
-1.1625 0
-1.1375 0
-1.1125 0
-1.0875 0
-1.0625 0
-1.0375 0
-1.0125 0
-0.9875 0
-0.9625 0
-0.9375 0
-0.9125 0
-0.8875 0
-0.8625 0
-0.8375 0
-0.8125 0
-0.7875 0
-0.7625 0
-0.7375 0
-0.7125 0
-0.6875 0
-0.6625 0
-0.6375 0
-0.6125 0
-0.5875 0
-0.5625 0
-0.5375 0
-0.5125 0
-0.4875 0
-0.4625 0
-0.4375 0
-0.4125 0
-0.3875 0
-0.3625 0
-0.3375 0
-0.3125 0
-0.2875 0
-0.2625 0
-0.2375 0
-0.2125 0
-0.1875 0
-0.1625 0
-0.1375 0
-0.1125 0
-0.0875 0
-0.0625 0
-0.0375 0
-0.0125 0
0.0125 0
0.0375 0
0.0625 0
0.0875 0
0.1125 0
0.1375 0
0.1625 0
0.1875 0
0.2125 0
0.2375 0
0.2625 0
0.2875 0
0.3125 0
0.3375 0
0.3625 0
0.3875 0
0.4125 0
0.4375 0
0.4625 0
0.4875 0
0.5125 0
0.5375 0
0.5625 0
0.5875 0
0.6125 0
0.6375 0
0.6625 0
0.6875 0
0.7125 0
0.7375 0
0.7625 0
0.7875 0
0.8125 0
0.8375 0
0.8625 0
0.8875 0
0.9125 0
0.9375 0
0.9625 0
0.9875 0
1.0125 0
1.0375 0
1.0625 0
1.0875 0
1.1125 0
1.1375 0
1.1625 0
1.1875 0
1.2125 0
1.2375 0
1.2625 0
1.2875 5e-05
1.3125 0
1.3375 5e-05
1.3625 0
1.3875 0.0002
1.4125 0.00045
1.4375 0.00075
1.4625 0.0021
1.4875 0.00405
1.5125 0.0061
1.5375 0.00875
1.5625 0.0178
1.5875 0.03045
1.6125 0.0489
1.6375 0.07
1.6625 0.101
1.6875 0.13645
1.7125 0.1777
1.7375 0.2205
1.7625 0.2705
1.7875 0.3229
1.8125 0.39075
1.8375 0.47995
1.8625 0.5842
1.8875 0.68615
1.9125 0.78545
1.9375 0.8966
1.9625 1.0276
1.9875 1.1744
2.0125 1.3169
2.0375 1.4304
2.0625 1.5559
2.0875 1.6731
2.1125 1.8406
2.1375 1.9563
2.1625 2.072
2.1875 2.152
2.2125 2.2396
2.2375 2.2717
2.2625 2.2506
2.2875 2.2254
2.3125 2.2096
2.3375 2.1946
2.3625 2.1981
2.3875 2.1874
2.4125 2.1291
2.4375 2.0171
2.4625 1.9042
2.4875 1.804
2.5125 1.7064
2.5375 1.5978
2.5625 1.448
2.5875 1.2905
2.6125 1.1351
2.6375 0.9825
2.6625 0.85255
2.6875 0.7165
2.7125 0.6263
2.7375 0.54605
2.7625 0.4788
2.7875 0.40825
2.8125 0.35505
2.8375 0.31165
2.8625 0.27795
2.8875 0.24865
2.9125 0.2245
2.9375 0.19435
2.9625 0.176
2.9875 0.16265
3.0125 0.1481
3.0375 0.13585
3.0625 0.1315
3.0875 0.11515
3.1125 0.11115
3.1375 0.10135
3.1625 0.1002
3.1875 0.0959
3.2125 0.09215
3.2375 0.08805
3.2625 0.08255
3.2875 0.0806
3.3125 0.08185
3.3375 0.07615
3.3625 0.07845
3.3875 0.0761
3.4125 0.07445
3.4375 0.0729
3.4625 0.07265
3.4875 0.0705
3.5125 0.07005
3.5375 0.072
3.5625 0.0693
3.5875 0.0691
3.6125 0.07
3.6375 0.06725
3.6625 0.06795
3.6875 0.0664
3.7125 0.0671
3.7375 0.06575
3.7625 0.06365
3.7875 0.0608
3.8125 0.06565
3.8375 0.062
3.8625 0.0653
3.8875 0.0654
3.9125 0.06285
3.9375 0.06245
3.9625 0.05965
3.9875 0.06215
4.0125 0.0605
4.0375 0.05865
4.0625 0.05475
4.0875 0.05355
4.1125 0.0418
4.1375 0.03455
4.1625 0.0286
4.1875 0.02345
4.2125 0.0169
4.2375 0.01075
4.2625 0.00485
4.2875 0.0028
4.3125 0.00105
4.3375 0.00015
4.3625 0
