-4.0625 0
-4.0375 0.0001
-4.0125 0.0005
-3.9875 0.0029
-3.9625 0.0086
-3.9375 0.01895
-3.9125 0.03215
-3.8875 0.05065
-3.8625 0.0741
-3.8375 0.09175
-3.8125 0.11395
-3.7875 0.12045
-3.7625 0.13215
-3.7375 0.13945
-3.7125 0.14305
-3.6875 0.1551
-3.6625 0.1591
-3.6375 0.1625
-3.6125 0.1707
-3.5875 0.17065
-3.5625 0.17065
-3.5375 0.171
-3.5125 0.17575
-3.4875 0.17485
-3.4625 0.1783
-3.4375 0.17625
-3.4125 0.18175
-3.3875 0.1816
-3.3625 0.1934
-3.3375 0.1893
-3.3125 0.20015
-3.2875 0.205
-3.2625 0.20805
-3.2375 0.2135
-3.2125 0.2175
-3.1875 0.22495
-3.1625 0.23325
-3.1375 0.2391
-3.1125 0.2492
-3.0875 0.2694
-3.0625 0.27575
-3.0375 0.28415
-3.0125 0.31395
-2.9875 0.3237
-2.9625 0.34345
-2.9375 0.37615
-2.9125 0.39035
-2.8875 0.41745
-2.8625 0.4497
-2.8375 0.48285
-2.8125 0.51775
-2.7875 0.5616
-2.7625 0.5997
-2.7375 0.63845
-2.7125 0.6993
-2.6875 0.73925
-2.6625 0.7895
-2.6375 0.84765
-2.6125 0.8938
-2.5875 0.942
-2.5625 0.996
-2.5375 1.0708
-2.5125 1.1201
-2.4875 1.1794
-2.4625 1.2151
-2.4375 1.2764
-2.4125 1.3437
-2.3875 1.3552
-2.3625 1.3872
-2.3375 1.425
-2.3125 1.4647
-2.2875 1.5074
-2.2625 1.5383
-2.2375 1.5704
-2.2125 1.5907
-2.1875 1.5855
-2.1625 1.6026
-2.1375 1.5861
-2.1125 1.5663
-2.0875 1.545
-2.0625 1.5454
-2.0375 1.5104
-2.0125 1.4731
-1.9875 1.4121
-1.9625 1.3655
-1.9375 1.2981
-1.9125 1.2182
-1.8875 1.1419
-1.8625 1.0622
-1.8375 0.9784
-1.8125 0.8811
-1.7875 0.7946
-1.7625 0.73345
-1.7375 0.64725
-1.7125 0.58505
-1.6875 0.5258
-1.6625 0.45955
-1.6375 0.39525
-1.6125 0.33075
-1.5875 0.2697
-1.5625 0.2253
-1.5375 0.1826
-1.5125 0.14235
-1.4875 0.1103
-1.4625 0.08345
-1.4375 0.05635
-1.4125 0.039
-1.3875 0.0263
-1.3625 0.01605
-1.3375 0.0111
-1.3125 0.00555
-1.2875 0.0044
-1.2625 0.00275
-1.2375 0.0017
-1.2125 0.00145
-1.1875 0.00065
-1.1625 0.0003
-1.1375 0.0001
-1.1125 0.00025
-1.0875 0.00025
-1.0625 0.00015
-1.0375 5e-05
-1.0125 0
-0.9875 0
-0.9625 0
-0.9375 0
-0.9125 0
-0.8875 0
-0.8625 0
-0.8375 0
-0.8125 0
-0.7875 0
-0.7625 0
-0.7375 0
-0.7125 0
-0.6875 0
-0.6625 0
-0.6375 0
-0.6125 0
-0.5875 0
-0.5625 0
-0.5375 0
-0.5125 0
-0.4875 0
-0.4625 0
-0.4375 0
-0.4125 0
-0.3875 0
-0.3625 0
-0.3375 0
-0.3125 0
-0.2875 0
-0.2625 0
-0.2375 0
-0.2125 0
-0.1875 0
-0.1625 0
-0.1375 0
-0.1125 0
-0.0875 0
-0.0625 0
-0.0375 0
-0.0125 0
0.0125 0
0.0375 0
0.0625 0
0.0875 0
0.1125 0
0.1375 0
0.1625 0
0.1875 0
0.2125 0
0.2375 0
0.2625 0
0.2875 0
0.3125 0
0.3375 0
0.3625 0
0.3875 0
0.4125 0
0.4375 0
0.4625 0
0.4875 0
0.5125 0
0.5375 0
0.5625 0
0.5875 0
0.6125 0
0.6375 0
0.6625 0
0.6875 0
0.7125 0
0.7375 0
0.7625 0
0.7875 0
0.8125 0
0.8375 0
0.8625 0
0.8875 0
0.9125 0
0.9375 0
0.9625 0
0.9875 0
1.0125 0
1.0375 0
1.0625 0
1.0875 0
1.1125 5e-05
1.1375 0
1.1625 0.00015
1.1875 0
1.2125 0.00025
1.2375 0.00105
1.2625 0.0013
1.2875 0.00205
1.3125 0.003
1.3375 0.00445
1.3625 0.00615
1.3875 0.0105
1.4125 0.0139
1.4375 0.022
1.4625 0.0337
1.4875 0.0498
1.5125 0.06955
1.5375 0.0967
1.5625 0.13195
1.5875 0.17605
1.6125 0.2287
1.6375 0.2935
1.6625 0.36335
1.6875 0.43305
1.7125 0.5139
1.7375 0.6269
1.7625 0.70675
1.7875 0.79465
1.8125 0.89445
1.8375 0.98535
1.8625 1.0538
1.8875 1.112
1.9125 1.1768
1.9375 1.2139
1.9625 1.2656
1.9875 1.2898
2.0125 1.3425
2.0375 1.4142
2.0625 1.4717
2.0875 1.5368
2.1125 1.5885
2.1375 1.6087
2.1625 1.6242
2.1875 1.6209
2.2125 1.5978
2.2375 1.5794
2.2625 1.5778
2.2875 1.5277
2.3125 1.5374
2.3375 1.5114
2.3625 1.4834
2.3875 1.4357
2.4125 1.3913
2.4375 1.3436
2.4625 1.2852
2.4875 1.2259
2.5125 1.1677
2.5375 1.1225
2.5625 1.0492
2.5875 1.0028
2.6125 0.94115
2.6375 0.87595
2.6625 0.81265
2.6875 0.76335
2.7125 0.7037
2.7375 0.6625
2.7625 0.6205
2.7875 0.5769
2.8125 0.53215
2.8375 0.50085
2.8625 0.4598
2.8875 0.42945
2.9125 0.4029
2.9375 0.37155
2.9625 0.3546
2.9875 0.325
3.0125 0.32105
3.0375 0.305
3.0625 0.28855
3.0875 0.27325
3.1125 0.2603
3.1375 0.25245
3.1625 0.24575
3.1875 0.23465
3.2125 0.23105
3.2375 0.2214
3.2625 0.2211
3.2875 0.21385
3.3125 0.2094
3.3375 0.2043
3.3625 0.2042
3.3875 0.189
3.4125 0.18665
3.4375 0.1889
3.4625 0.1843
3.4875 0.1821
3.5125 0.17985
3.5375 0.17805
3.5625 0.17325
3.5875 0.16975
3.6125 0.16575
3.6375 0.165
3.6625 0.16265
3.6875 0.1523
3.7125 0.14805
3.7375 0.1354
3.7625 0.1286
3.7875 0.12575
3.8125 0.112
3.8375 0.09245
3.8625 0.07355
3.8875 0.05195
3.9125 0.0338
3.9375 0.01935
3.9625 0.0071
3.9875 0.00235
4.0125 0.00065
4.0375 0.0001
4.0625 0
